3 3 127 127 255 
3 4 127 127 255 
3 5 127 127 255 
3 6 127 127 255 
3 7 127 127 255 
3 8 127 127 255 
3 9 127 127 255 
3 10 127 127 255 
3 11 127 127 255 
3 12 127 127 255 
3 13 127 127 255 
3 14 127 127 255 
3 15 127 127 255 
3 16 127 127 255 
3 17 127 127 255 
3 18 127 127 255 
3 19 127 127 255 
3 20 127 127 255 
3 21 127 127 255 
3 22 127 127 255 
3 23 127 127 255 
3 24 127 127 255 
3 25 127 127 255 
3 26 127 127 255 
3 27 127 127 255 
3 28 127 127 255 
3 29 127 127 255 
3 30 127 127 255 
4 3 127 127 255 
4 4 127 127 255 
4 5 127 127 255 
4 6 127 127 255 
4 7 127 127 255 
4 8 127 127 255 
4 9 127 127 255 
4 10 127 127 255 
4 11 127 127 255 
4 12 127 127 255 
4 13 127 127 255 
4 14 127 127 255 
4 15 127 127 255 
4 16 127 127 255 
4 17 127 127 255 
4 18 127 127 255 
4 19 127 127 255 
4 20 127 127 255 
4 21 127 127 255 
4 22 127 127 255 
4 23 127 127 255 
4 24 127 127 255 
4 25 127 127 255 
4 26 127 127 255 
4 27 127 127 255 
4 28 127 127 255 
4 29 127 127 255 
4 30 127 127 255 
5 3 127 127 255 
5 4 127 127 255 
5 5 127 127 255 
5 6 127 127 255 
5 7 127 127 255 
5 8 127 127 255 
5 9 127 127 255 
5 10 127 127 255 
5 11 127 127 255 
5 12 127 127 255 
5 13 127 127 255 
5 14 127 127 255 
5 15 127 127 255 
5 16 127 127 255 
5 17 127 127 255 
5 18 127 127 255 
5 19 127 127 255 
5 20 127 127 255 
5 21 127 127 255 
5 22 127 127 255 
5 23 127 127 255 
5 24 127 127 255 
5 25 127 127 255 
5 26 127 127 255 
5 27 127 127 255 
5 28 127 127 255 
5 29 127 127 255 
5 30 127 127 255 
6 3 127 127 255 
6 4 127 127 255 
6 5 127 127 255 
6 6 127 127 255 
6 7 127 127 255 
6 8 127 127 255 
6 9 127 127 255 
6 10 127 127 255 
6 11 127 127 255 
6 12 127 127 255 
6 13 127 127 255 
6 14 127 127 255 
6 15 127 127 255 
6 16 127 127 255 
6 17 127 127 255 
6 18 127 127 255 
6 19 127 127 255 
6 20 127 127 255 
6 21 127 127 255 
6 22 127 127 255 
6 23 127 127 255 
6 24 127 127 255 
6 25 127 127 255 
6 26 127 127 255 
6 27 127 127 255 
6 28 127 127 255 
6 29 127 127 255 
6 30 127 127 255 
7 3 127 127 255 
7 4 127 127 255 
7 5 127 127 255 
7 6 127 127 255 
7 7 127 127 255 
7 8 127 127 255 
7 9 127 127 255 
7 10 127 127 255 
7 11 127 127 255 
7 12 127 127 255 
7 13 127 127 255 
7 14 127 127 255 
7 15 127 127 255 
7 16 127 127 255 
7 17 127 127 255 
7 18 127 127 255 
7 19 127 127 255 
7 20 127 127 255 
7 21 127 127 255 
7 22 127 127 255 
7 23 127 127 255 
7 24 127 127 255 
7 25 127 127 255 
7 26 127 127 255 
7 27 127 127 255 
7 28 127 127 255 
7 29 127 127 255 
7 30 127 127 255 
8 3 127 127 255 
8 4 127 127 255 
8 5 127 127 255 
8 6 127 127 255 
8 7 127 127 255 
8 8 127 127 255 
8 9 127 127 255 
8 10 127 127 255 
8 11 127 127 255 
8 12 127 127 255 
8 13 127 127 255 
8 14 127 127 255 
8 15 127 127 255 
8 16 127 127 255 
8 17 127 127 255 
8 18 127 127 255 
8 19 127 127 255 
8 20 127 127 255 
8 21 127 127 255 
8 22 127 127 255 
8 23 127 127 255 
8 24 127 127 255 
8 25 127 127 255 
8 26 127 127 255 
8 27 127 127 255 
8 28 127 127 255 
8 29 127 127 255 
8 30 127 127 255 
9 3 127 127 255 
9 4 127 127 255 
9 5 127 127 255 
9 6 127 127 255 
9 7 127 127 255 
9 8 127 127 255 
9 9 127 127 255 
9 10 127 127 255 
9 11 127 127 255 
9 12 127 127 255 
9 13 127 127 255 
9 14 127 127 255 
9 15 127 127 255 
9 16 127 127 255 
9 17 127 127 255 
9 18 127 127 255 
9 19 127 127 255 
9 20 127 127 255 
9 21 127 127 255 
9 22 127 127 255 
9 23 127 127 255 
9 24 127 127 255 
9 25 127 127 255 
9 26 127 127 255 
9 27 127 127 255 
9 28 127 127 255 
9 29 127 127 255 
9 30 127 127 255 
10 3 127 127 255 
10 4 127 127 255 
10 5 127 127 255 
10 6 127 127 255 
10 7 127 127 255 
10 8 127 127 255 
10 9 127 127 255 
10 10 127 127 255 
10 11 127 127 255 
10 12 127 127 255 
10 13 127 127 255 
10 14 127 127 255 
10 15 127 127 255 
10 16 127 127 255 
10 17 127 127 255 
10 18 127 127 255 
10 19 127 127 255 
10 20 127 127 255 
10 21 127 127 255 
10 22 127 127 255 
10 23 127 127 255 
10 24 127 127 255 
10 25 127 127 255 
10 26 127 127 255 
10 27 127 127 255 
10 28 127 127 255 
10 29 127 127 255 
10 30 127 127 255 
11 3 127 127 255 
11 4 127 127 255 
11 5 127 127 255 
11 6 127 127 255 
11 7 127 127 255 
11 8 127 127 255 
11 9 127 127 255 
11 10 127 127 255 
11 11 127 127 255 
11 12 127 127 255 
11 13 127 127 255 
11 14 127 127 255 
11 15 127 127 255 
11 16 127 127 255 
11 17 127 127 255 
11 18 127 127 255 
11 19 127 127 255 
11 20 127 127 255 
11 21 127 127 255 
11 22 127 127 255 
11 23 127 127 255 
11 24 127 127 255 
11 25 127 127 255 
11 26 127 127 255 
11 27 127 127 255 
11 28 127 127 255 
11 29 127 127 255 
11 30 127 127 255 
12 3 127 127 255 
12 4 127 127 255 
12 5 127 127 255 
12 6 127 127 255 
12 7 127 127 255 
12 8 127 127 255 
12 9 127 127 255 
12 10 127 127 255 
12 11 127 127 255 
12 12 127 127 255 
12 13 127 127 255 
12 14 127 127 255 
12 15 127 127 255 
12 16 127 127 255 
12 17 127 127 255 
12 18 127 127 255 
12 19 127 127 255 
12 20 127 127 255 
12 21 127 127 255 
12 22 127 127 255 
12 23 127 127 255 
12 24 127 127 255 
12 25 127 127 255 
12 26 127 127 255 
12 27 127 127 255 
12 28 127 127 255 
12 29 127 127 255 
12 30 127 127 255 
13 3 127 127 255 
13 4 127 127 255 
13 5 127 127 255 
13 6 127 127 255 
13 7 127 127 255 
13 8 127 127 255 
13 9 127 127 255 
13 10 127 127 255 
13 11 127 127 255 
13 12 127 127 255 
13 13 127 127 255 
13 14 127 127 255 
13 15 127 127 255 
13 16 127 127 255 
13 17 127 127 255 
13 18 127 127 255 
13 19 127 127 255 
13 20 127 127 255 
13 21 127 127 255 
13 22 127 127 255 
13 23 127 127 255 
13 24 127 127 255 
13 25 127 127 255 
13 26 127 127 255 
13 27 127 127 255 
13 28 127 127 255 
13 29 127 127 255 
13 30 127 127 255 
14 3 127 127 255 
14 4 127 127 255 
14 5 127 127 255 
14 6 127 127 255 
14 7 127 127 255 
14 8 127 127 255 
14 9 127 127 255 
14 10 127 127 255 
14 11 127 127 255 
14 12 127 127 255 
14 13 127 127 255 
14 14 127 127 255 
14 15 127 127 255 
14 16 127 127 255 
14 17 127 127 255 
14 18 127 127 255 
14 19 127 127 255 
14 20 127 127 255 
14 21 127 127 255 
14 22 127 127 255 
14 23 127 127 255 
14 24 127 127 255 
14 25 127 127 255 
14 26 127 127 255 
14 27 127 127 255 
14 28 127 127 255 
14 29 127 127 255 
14 30 127 127 255 
15 3 127 127 255 
15 4 127 127 255 
15 5 127 127 255 
15 6 127 127 255 
15 7 127 127 255 
15 8 127 127 255 
15 9 127 127 255 
15 10 127 127 255 
15 11 127 127 255 
15 12 127 127 255 
15 13 127 127 255 
15 14 127 127 255 
15 15 127 127 255 
15 16 127 127 255 
15 17 127 127 255 
15 18 127 127 255 
15 19 127 127 255 
15 20 127 127 255 
15 21 127 127 255 
15 22 127 127 255 
15 23 127 127 255 
15 24 127 127 255 
15 25 127 127 255 
15 26 127 127 255 
15 27 127 127 255 
15 28 127 127 255 
15 29 127 127 255 
15 30 127 127 255 
16 3 127 127 255 
16 4 127 127 255 
16 5 127 127 255 
16 6 127 127 255 
16 7 127 127 255 
16 8 127 127 255 
16 9 127 127 255 
16 10 127 127 255 
16 11 127 127 255 
16 12 127 127 255 
16 13 127 127 255 
16 14 127 127 255 
16 15 127 127 255 
16 16 127 127 255 
16 17 127 127 255 
16 18 127 127 255 
16 19 127 127 255 
16 20 127 127 255 
16 21 127 127 255 
16 22 127 127 255 
16 23 127 127 255 
16 24 127 127 255 
16 25 127 127 255 
16 26 127 127 255 
16 27 127 127 255 
16 28 127 127 255 
16 29 127 127 255 
16 30 127 127 255 
17 3 127 127 255 
17 4 127 127 255 
17 5 127 127 255 
17 6 127 127 255 
17 7 127 127 255 
17 8 127 127 255 
17 9 127 127 255 
17 10 127 127 255 
17 11 127 127 255 
17 12 127 127 255 
17 13 127 127 255 
17 14 127 127 255 
17 15 127 127 255 
17 16 127 127 255 
17 17 127 127 255 
17 18 127 127 255 
17 19 127 127 255 
17 20 127 127 255 
17 21 127 127 255 
17 22 127 127 255 
17 23 127 127 255 
17 24 127 127 255 
17 25 127 127 255 
17 26 127 127 255 
17 27 127 127 255 
17 28 127 127 255 
17 29 127 127 255 
17 30 127 127 255 
18 3 127 127 255 
18 4 127 127 255 
18 5 127 127 255 
18 6 127 127 255 
18 7 127 127 255 
18 8 127 127 255 
18 9 127 127 255 
18 10 127 127 255 
18 11 127 127 255 
18 12 127 127 255 
18 13 127 127 255 
18 14 127 127 255 
18 15 127 127 255 
18 16 127 127 255 
18 17 127 127 255 
18 18 127 127 255 
18 19 127 127 255 
18 20 127 127 255 
18 21 127 127 255 
18 22 127 127 255 
18 23 127 127 255 
18 24 127 127 255 
18 25 127 127 255 
18 26 127 127 255 
18 27 127 127 255 
18 28 127 127 255 
18 29 127 127 255 
18 30 127 127 255 
19 3 127 127 255 
19 4 127 127 255 
19 5 127 127 255 
19 6 127 127 255 
19 7 127 127 255 
19 8 127 127 255 
19 9 127 127 255 
19 10 127 127 255 
19 11 127 127 255 
19 12 127 127 255 
19 13 127 127 255 
19 14 127 127 255 
19 15 127 127 255 
19 16 127 127 255 
19 17 127 127 255 
19 18 127 127 255 
19 19 127 127 255 
19 20 127 127 255 
19 21 127 127 255 
19 22 127 127 255 
19 23 127 127 255 
19 24 127 127 255 
19 25 127 127 255 
19 26 127 127 255 
19 27 127 127 255 
19 28 127 127 255 
19 29 127 127 255 
19 30 127 127 255 
20 3 127 127 255 
20 4 127 127 255 
20 5 127 127 255 
20 6 127 127 255 
20 7 127 127 255 
20 8 127 127 255 
20 9 127 127 255 
20 10 127 127 255 
20 11 127 127 255 
20 12 127 127 255 
20 13 127 127 255 
20 14 127 127 255 
20 15 127 127 255 
20 16 127 127 255 
20 17 127 127 255 
20 18 127 127 255 
20 19 127 127 255 
20 20 127 127 255 
20 21 127 127 255 
20 22 127 127 255 
20 23 127 127 255 
20 24 127 127 255 
20 25 127 127 255 
20 26 127 127 255 
20 27 127 127 255 
20 28 127 127 255 
20 29 127 127 255 
20 30 127 127 255 
21 3 127 127 255 
21 4 127 127 255 
21 5 127 127 255 
21 6 127 127 255 
21 7 127 127 255 
21 8 127 127 255 
21 9 127 127 255 
21 10 127 127 255 
21 11 127 127 255 
21 12 127 127 255 
21 13 127 127 255 
21 14 127 127 255 
21 15 127 127 255 
21 16 127 127 255 
21 17 127 127 255 
21 18 127 127 255 
21 19 127 127 255 
21 20 127 127 255 
21 21 127 127 255 
21 22 127 127 255 
21 23 127 127 255 
21 24 127 127 255 
21 25 127 127 255 
21 26 127 127 255 
21 27 127 127 255 
21 28 127 127 255 
21 29 127 127 255 
21 30 127 127 255 
