43 63 255 127 127 
43 64 255 127 127 
43 65 255 127 127 
43 66 255 127 127 
43 67 255 127 127 
43 68 255 127 127 
43 69 255 127 127 
43 70 255 127 127 
43 71 255 127 127 
43 72 255 127 127 
43 73 255 127 127 
43 74 255 127 127 
43 75 255 127 127 
43 76 255 127 127 
43 77 255 127 127 
43 78 255 127 127 
44 63 255 127 127 
44 64 255 127 127 
44 65 255 127 127 
44 66 255 127 127 
44 67 255 127 127 
44 68 255 127 127 
44 69 255 127 127 
44 70 255 127 127 
44 71 255 127 127 
44 72 255 127 127 
44 73 255 127 127 
44 74 255 127 127 
44 75 255 127 127 
44 76 255 127 127 
44 77 255 127 127 
44 78 255 127 127 
45 63 255 127 127 
45 64 255 127 127 
45 65 255 127 127 
45 66 255 127 127 
45 67 255 127 127 
45 68 255 127 127 
45 69 255 127 127 
45 70 255 127 127 
45 71 255 127 127 
45 72 255 127 127 
45 73 255 127 127 
45 74 255 127 127 
45 75 255 127 127 
45 76 255 127 127 
45 77 255 127 127 
45 78 255 127 127 
46 63 255 127 127 
46 64 255 127 127 
46 65 255 127 127 
46 66 255 127 127 
46 67 255 127 127 
46 68 255 127 127 
46 69 255 127 127 
46 70 255 127 127 
46 71 255 127 127 
46 72 255 127 127 
46 73 255 127 127 
46 74 255 127 127 
46 75 255 127 127 
46 76 255 127 127 
46 77 255 127 127 
46 78 255 127 127 
47 63 255 127 127 
47 64 255 127 127 
47 65 255 127 127 
47 66 255 127 127 
47 67 255 127 127 
47 68 255 127 127 
47 69 255 127 127 
47 70 255 127 127 
47 71 255 127 127 
47 72 255 127 127 
47 73 255 127 127 
47 74 255 127 127 
47 75 255 127 127 
47 76 255 127 127 
47 77 255 127 127 
47 78 255 127 127 
48 63 255 127 127 
48 64 255 127 127 
48 65 255 127 127 
48 66 255 127 127 
48 67 255 127 127 
48 68 255 127 127 
48 69 255 127 127 
48 70 255 127 127 
48 71 255 127 127 
48 72 255 127 127 
48 73 255 127 127 
48 74 255 127 127 
48 75 255 127 127 
48 76 255 127 127 
48 77 255 127 127 
48 78 255 127 127 
49 63 255 127 127 
49 64 255 127 127 
49 65 255 127 127 
49 66 255 127 127 
49 67 255 127 127 
49 68 255 127 127 
49 69 255 127 127 
49 70 255 127 127 
49 71 255 127 127 
49 72 255 127 127 
49 73 255 127 127 
49 74 255 127 127 
49 75 255 127 127 
49 76 255 127 127 
49 77 255 127 127 
49 78 255 127 127 
50 63 255 127 127 
50 64 255 127 127 
50 65 255 127 127 
50 66 255 127 127 
50 67 255 127 127 
50 68 255 127 127 
50 69 255 127 127 
50 70 255 127 127 
50 71 255 127 127 
50 72 255 127 127 
50 73 255 127 127 
50 74 255 127 127 
50 75 255 127 127 
50 76 255 127 127 
50 77 255 127 127 
50 78 255 127 127 
51 63 255 127 127 
51 64 255 127 127 
51 65 255 127 127 
51 66 255 127 127 
51 67 255 127 127 
51 68 255 127 127 
51 69 255 127 127 
51 70 255 127 127 
51 71 255 127 127 
51 72 255 127 127 
51 73 255 127 127 
51 74 255 127 127 
51 75 255 127 127 
51 76 255 127 127 
51 77 255 127 127 
51 78 255 127 127 
52 63 255 127 127 
52 64 255 127 127 
52 65 255 127 127 
52 66 255 127 127 
52 67 255 127 127 
52 68 255 127 127 
52 69 255 127 127 
52 70 255 127 127 
52 71 255 127 127 
52 72 255 127 127 
52 73 255 127 127 
52 74 255 127 127 
52 75 255 127 127 
52 76 255 127 127 
52 77 255 127 127 
52 78 255 127 127 
53 63 255 127 127 
53 64 255 127 127 
53 65 255 127 127 
53 66 255 127 127 
53 67 255 127 127 
53 68 255 127 127 
53 69 255 127 127 
53 70 255 127 127 
53 71 255 127 127 
53 72 255 127 127 
53 73 255 127 127 
53 74 255 127 127 
53 75 255 127 127 
53 76 255 127 127 
53 77 255 127 127 
53 78 255 127 127 
54 63 255 127 127 
54 64 255 127 127 
54 65 255 127 127 
54 66 255 127 127 
54 67 255 127 127 
54 68 255 127 127 
54 69 255 127 127 
54 70 255 127 127 
54 71 255 127 127 
54 72 255 127 127 
54 73 255 127 127 
54 74 255 127 127 
54 75 255 127 127 
54 76 255 127 127 
54 77 255 127 127 
54 78 255 127 127 
55 63 255 127 127 
55 64 255 127 127 
55 65 255 127 127 
55 66 255 127 127 
55 67 255 127 127 
55 68 255 127 127 
55 69 255 127 127 
55 70 255 127 127 
55 71 255 127 127 
55 72 255 127 127 
55 73 255 127 127 
55 74 255 127 127 
55 75 255 127 127 
55 76 255 127 127 
55 77 255 127 127 
55 78 255 127 127 
56 63 255 127 127 
56 64 255 127 127 
56 65 255 127 127 
56 66 255 127 127 
56 67 255 127 127 
56 68 255 127 127 
56 69 255 127 127 
56 70 255 127 127 
56 71 255 127 127 
56 72 255 127 127 
56 73 255 127 127 
56 74 255 127 127 
56 75 255 127 127 
56 76 255 127 127 
56 77 255 127 127 
56 78 255 127 127 
57 63 255 127 127 
57 64 255 127 127 
57 65 255 127 127 
57 66 255 127 127 
57 67 255 127 127 
57 68 255 127 127 
57 69 255 127 127 
57 70 255 127 127 
57 71 255 127 127 
57 72 255 127 127 
57 73 255 127 127 
57 74 255 127 127 
57 75 255 127 127 
57 76 255 127 127 
57 77 255 127 127 
57 78 255 127 127 
58 63 255 127 127 
58 64 255 127 127 
58 65 255 127 127 
58 66 255 127 127 
58 67 255 127 127 
58 68 255 127 127 
58 69 255 127 127 
58 70 255 127 127 
58 71 255 127 127 
58 72 255 127 127 
58 73 255 127 127 
58 74 255 127 127 
58 75 255 127 127 
58 76 255 127 127 
58 77 255 127 127 
58 78 255 127 127 
59 63 255 127 127 
59 64 255 127 127 
59 65 255 127 127 
59 66 255 127 127 
59 67 255 127 127 
59 68 255 127 127 
59 69 255 127 127 
59 70 255 127 127 
59 71 255 127 127 
59 72 255 127 127 
59 73 255 127 127 
59 74 255 127 127 
59 75 255 127 127 
59 76 255 127 127 
59 77 255 127 127 
59 78 255 127 127 
60 63 255 127 127 
60 64 255 127 127 
60 65 255 127 127 
60 66 255 127 127 
60 67 255 127 127 
60 68 255 127 127 
60 69 255 127 127 
60 70 255 127 127 
60 71 255 127 127 
60 72 255 127 127 
60 73 255 127 127 
60 74 255 127 127 
60 75 255 127 127 
60 76 255 127 127 
60 77 255 127 127 
60 78 255 127 127 
