0 0 127 127 127 
0 1 127 127 127 
0 2 127 127 127 
0 3 127 127 127 
0 4 127 127 127 
0 5 127 127 127 
0 6 127 127 127 
0 7 127 127 127 
0 8 127 127 127 
0 9 127 127 127 
0 10 127 127 127 
0 11 127 127 127 
0 12 127 127 127 
0 13 127 127 127 
0 14 127 127 127 
0 15 127 127 127 
0 16 127 127 127 
0 17 127 127 127 
0 18 127 127 127 
0 19 127 127 127 
0 20 127 127 127 
0 21 127 127 127 
0 22 127 127 127 
0 23 127 127 127 
0 24 127 127 127 
0 25 127 127 127 
0 26 127 127 127 
0 27 127 127 127 
0 28 127 127 127 
0 29 127 127 127 
0 30 127 127 127 
0 31 127 127 127 
0 32 127 127 127 
0 33 127 127 127 
0 34 127 127 127 
0 35 127 127 127 
0 36 127 127 127 
0 37 127 127 127 
0 38 127 127 127 
0 39 127 127 127 
0 40 127 127 127 
0 41 127 127 127 
0 42 127 127 127 
0 43 127 127 127 
0 44 127 127 127 
0 45 127 127 127 
0 46 127 127 127 
0 47 127 127 127 
0 48 127 127 127 
1 0 127 127 127 
1 1 127 127 127 
1 2 127 127 127 
1 3 127 127 127 
1 4 127 127 127 
1 5 127 127 127 
1 6 127 127 127 
1 7 127 127 127 
1 8 127 127 127 
1 9 127 127 127 
1 10 127 127 127 
1 11 127 127 127 
1 12 127 127 127 
1 13 127 127 127 
1 14 127 127 127 
1 15 127 127 127 
1 16 127 127 127 
1 17 127 127 127 
1 18 127 127 127 
1 19 127 127 127 
1 20 127 127 127 
1 21 127 127 127 
1 22 127 127 127 
1 23 127 127 127 
1 24 127 127 127 
1 25 127 127 127 
1 26 127 127 127 
1 27 127 127 127 
1 28 127 127 127 
1 29 127 127 127 
1 30 127 127 127 
1 31 127 127 127 
1 32 127 127 127 
1 33 127 127 127 
1 34 127 127 127 
1 35 127 127 127 
1 36 127 127 127 
1 37 127 127 127 
1 38 127 127 127 
1 39 127 127 127 
1 40 127 127 127 
1 41 127 127 127 
1 42 127 127 127 
1 43 127 127 127 
1 44 127 127 127 
1 45 127 127 127 
1 46 127 127 127 
1 47 127 127 127 
1 48 127 127 127 
2 0 127 127 127 
2 1 127 127 127 
2 2 127 127 127 
2 3 127 127 127 
2 4 127 127 127 
2 5 127 127 127 
2 6 127 127 127 
2 7 127 127 127 
2 8 127 127 127 
2 9 127 127 127 
2 10 127 127 127 
2 11 127 127 127 
2 12 127 127 127 
2 13 127 127 127 
2 14 127 127 127 
2 15 127 127 127 
2 16 127 127 127 
2 17 127 127 127 
2 18 127 127 127 
2 19 127 127 127 
2 20 127 127 127 
2 21 127 127 127 
2 22 127 127 127 
2 23 127 127 127 
2 24 127 127 127 
2 25 127 127 127 
2 26 127 127 127 
2 27 127 127 127 
2 28 127 127 127 
2 29 127 127 127 
2 30 127 127 127 
2 31 127 127 127 
2 32 127 127 127 
2 33 127 127 127 
2 34 127 127 127 
2 35 127 127 127 
2 36 127 127 127 
2 37 127 127 127 
2 38 127 127 127 
2 39 127 127 127 
2 40 127 127 127 
2 41 127 127 127 
2 42 127 127 127 
2 43 127 127 127 
2 44 127 127 127 
2 45 127 127 127 
2 46 127 127 127 
2 47 127 127 127 
2 48 127 127 127 
3 0 127 127 127 
3 1 127 127 127 
3 2 127 127 127 
4 0 127 127 127 
4 1 127 127 127 
4 2 127 127 127 
5 0 127 127 127 
5 1 127 127 127 
5 2 127 127 127 
6 0 127 127 127 
6 1 127 127 127 
6 2 127 127 127 
7 0 127 127 127 
7 1 127 127 127 
7 2 127 127 127 
8 0 127 127 127 
8 1 127 127 127 
8 2 127 127 127 
9 0 127 127 127 
9 1 127 127 127 
9 2 127 127 127 
10 0 127 127 127 
10 1 127 127 127 
10 2 127 127 127 
11 0 127 127 127 
11 1 127 127 127 
11 2 127 127 127 
12 0 127 127 127 
12 1 127 127 127 
12 2 127 127 127 
13 0 127 127 127 
13 1 127 127 127 
13 2 127 127 127 
14 0 127 127 127 
14 1 127 127 127 
14 2 127 127 127 
15 0 127 127 127 
15 1 127 127 127 
15 2 127 127 127 
16 0 127 127 127 
16 1 127 127 127 
16 2 127 127 127 
17 0 127 127 127 
17 1 127 127 127 
17 2 127 127 127 
18 0 127 127 127 
18 1 127 127 127 
18 2 127 127 127 
19 0 127 127 127 
19 1 127 127 127 
19 2 127 127 127 
20 0 127 127 127 
20 1 127 127 127 
20 2 127 127 127 
21 0 127 127 127 
21 1 127 127 127 
21 2 127 127 127 
22 0 127 127 127 
22 1 127 127 127 
22 2 127 127 127 
23 0 127 127 127 
23 1 127 127 127 
23 2 127 127 127 
24 0 127 127 127 
24 1 127 127 127 
24 2 127 127 127 
25 0 127 127 127 
25 1 127 127 127 
25 2 127 127 127 
26 0 127 127 127 
26 1 127 127 127 
26 2 127 127 127 
27 0 127 127 127 
27 1 127 127 127 
27 2 127 127 127 
28 0 127 127 127 
28 1 127 127 127 
28 2 127 127 127 
29 0 127 127 127 
29 1 127 127 127 
29 2 127 127 127 
30 0 127 127 127 
30 1 127 127 127 
30 2 127 127 127 
31 0 127 127 127 
31 1 127 127 127 
31 2 127 127 127 
32 0 127 127 127 
32 1 127 127 127 
32 2 127 127 127 
33 0 127 127 127 
33 1 127 127 127 
33 2 127 127 127 
34 0 127 127 127 
34 1 127 127 127 
34 2 127 127 127 
35 0 127 127 127 
35 1 127 127 127 
35 2 127 127 127 
36 0 127 127 127 
36 1 127 127 127 
36 2 127 127 127 
37 0 127 127 127 
37 1 127 127 127 
37 2 127 127 127 
38 0 127 127 127 
38 1 127 127 127 
38 2 127 127 127 
39 0 127 127 127 
39 1 127 127 127 
39 2 127 127 127 
40 0 127 127 127 
40 1 127 127 127 
40 2 127 127 127 
41 0 127 127 127 
41 1 127 127 127 
41 2 127 127 127 
42 0 127 127 127 
42 1 127 127 127 
42 2 127 127 127 
43 0 127 127 127 
43 1 127 127 127 
43 2 127 127 127 
44 0 127 127 127 
44 1 127 127 127 
44 2 127 127 127 
45 0 127 127 127 
45 1 127 127 127 
45 2 127 127 127 
46 0 127 127 127 
46 1 127 127 127 
46 2 127 127 127 
47 0 127 127 127 
47 1 127 127 127 
47 2 127 127 127 
48 0 127 127 127 
48 1 127 127 127 
48 2 127 127 127 
49 0 127 127 127 
49 1 127 127 127 
49 2 127 127 127 
50 0 127 127 127 
50 1 127 127 127 
50 2 127 127 127 
51 0 127 127 127 
51 1 127 127 127 
51 2 127 127 127 
52 0 127 127 127 
52 1 127 127 127 
52 2 127 127 127 
53 0 127 127 127 
53 1 127 127 127 
53 2 127 127 127 
54 0 127 127 127 
54 1 127 127 127 
54 2 127 127 127 
55 0 127 127 127 
55 1 127 127 127 
55 2 127 127 127 
56 0 127 127 127 
56 1 127 127 127 
56 2 127 127 127 
57 0 127 127 127 
57 1 127 127 127 
57 2 127 127 127 
58 0 127 127 127 
58 1 127 127 127 
58 2 127 127 127 
59 0 127 127 127 
59 1 127 127 127 
59 2 127 127 127 
60 0 127 127 127 
60 1 127 127 127 
60 2 127 127 127 
61 0 127 127 127 
61 1 127 127 127 
61 2 127 127 127 
62 0 127 127 127 
62 1 127 127 127 
62 2 127 127 127 
63 0 127 127 127 
63 1 127 127 127 
63 2 127 127 127 
64 0 127 127 127 
64 1 127 127 127 
64 2 127 127 127 
65 0 127 127 127 
65 1 127 127 127 
65 2 127 127 127 
66 0 127 127 127 
66 1 127 127 127 
66 2 127 127 127 
67 0 127 127 127 
67 1 127 127 127 
67 2 127 127 127 
68 0 127 127 127 
68 1 127 127 127 
68 2 127 127 127 
69 0 127 127 127 
69 1 127 127 127 
69 2 127 127 127 
70 0 127 127 127 
70 1 127 127 127 
70 2 127 127 127 
71 0 127 127 127 
71 1 127 127 127 
71 2 127 127 127 
72 0 127 127 127 
72 1 127 127 127 
72 2 127 127 127 
73 0 127 127 127 
73 1 127 127 127 
73 2 127 127 127 
74 0 127 127 127 
74 1 127 127 127 
74 2 127 127 127 
75 0 127 127 127 
75 1 127 127 127 
75 2 127 127 127 
76 0 127 127 127 
76 1 127 127 127 
76 2 127 127 127 
77 0 127 127 127 
77 1 127 127 127 
77 2 127 127 127 
77 3 127 127 127 
77 4 127 127 127 
77 5 127 127 127 
77 6 127 127 127 
77 7 127 127 127 
77 8 127 127 127 
77 9 127 127 127 
77 10 127 127 127 
77 11 127 127 127 
77 12 127 127 127 
77 13 127 127 127 
77 14 127 127 127 
77 15 127 127 127 
77 16 127 127 127 
77 17 127 127 127 
77 18 127 127 127 
77 19 127 127 127 
77 20 127 127 127 
77 21 127 127 127 
77 22 127 127 127 
77 23 127 127 127 
77 24 127 127 127 
77 25 127 127 127 
77 26 127 127 127 
77 27 127 127 127 
77 28 127 127 127 
77 29 127 127 127 
77 30 127 127 127 
77 31 127 127 127 
77 32 127 127 127 
77 33 127 127 127 
77 34 127 127 127 
77 35 127 127 127 
77 36 127 127 127 
77 37 127 127 127 
77 38 127 127 127 
77 39 127 127 127 
77 40 127 127 127 
77 41 127 127 127 
77 42 127 127 127 
77 43 127 127 127 
77 44 127 127 127 
77 45 127 127 127 
77 46 127 127 127 
77 47 127 127 127 
77 48 127 127 127 
78 0 127 127 127 
78 1 127 127 127 
78 2 127 127 127 
78 3 127 127 127 
78 4 127 127 127 
78 5 127 127 127 
78 6 127 127 127 
78 7 127 127 127 
78 8 127 127 127 
78 9 127 127 127 
78 10 127 127 127 
78 11 127 127 127 
78 12 127 127 127 
78 13 127 127 127 
78 14 127 127 127 
78 15 127 127 127 
78 16 127 127 127 
78 17 127 127 127 
78 18 127 127 127 
78 19 127 127 127 
78 20 127 127 127 
78 21 127 127 127 
78 22 127 127 127 
78 23 127 127 127 
78 24 127 127 127 
78 25 127 127 127 
78 26 127 127 127 
78 27 127 127 127 
78 28 127 127 127 
78 29 127 127 127 
78 30 127 127 127 
78 31 127 127 127 
78 32 127 127 127 
78 33 127 127 127 
78 34 127 127 127 
78 35 127 127 127 
78 36 127 127 127 
78 37 127 127 127 
78 38 127 127 127 
78 39 127 127 127 
78 40 127 127 127 
78 41 127 127 127 
78 42 127 127 127 
78 43 127 127 127 
78 44 127 127 127 
78 45 127 127 127 
78 46 127 127 127 
78 47 127 127 127 
78 48 127 127 127 
79 0 127 127 127 
79 1 127 127 127 
79 2 127 127 127 
79 3 127 127 127 
79 4 127 127 127 
79 5 127 127 127 
79 6 127 127 127 
79 7 127 127 127 
79 8 127 127 127 
79 9 127 127 127 
79 10 127 127 127 
79 11 127 127 127 
79 12 127 127 127 
79 13 127 127 127 
79 14 127 127 127 
79 15 127 127 127 
79 16 127 127 127 
79 17 127 127 127 
79 18 127 127 127 
79 19 127 127 127 
79 20 127 127 127 
79 21 127 127 127 
79 22 127 127 127 
79 23 127 127 127 
79 24 127 127 127 
79 25 127 127 127 
79 26 127 127 127 
79 27 127 127 127 
79 28 127 127 127 
79 29 127 127 127 
79 30 127 127 127 
79 31 127 127 127 
79 32 127 127 127 
79 33 127 127 127 
79 34 127 127 127 
79 35 127 127 127 
79 36 127 127 127 
79 37 127 127 127 
79 38 127 127 127 
79 39 127 127 127 
79 40 127 127 127 
79 41 127 127 127 
79 42 127 127 127 
79 43 127 127 127 
79 44 127 127 127 
79 45 127 127 127 
79 46 127 127 127 
79 47 127 127 127 
79 48 127 127 127 
